$GPGSV,3,1,12,05,12,057,27,12,29,109,36,18,74,223,26,20,23,175,30,1*6F
$GPGSV,3,2,12,21,26,225,14,23,15,176,,24,02,159,,25,58,087,45,1*69
$GPGSV,3,3,12,26,15,319,11,29,42,016,,31,41,293,35,32,02,229,,1*65
$GPGSV,3,1,12,05,12,057,20,12,29,109,24,18,74,223,23,20,23,175,,6*6A
$GPGSV,3,2,12,21,26,225,,23,15,176,,24,02,159,,25,58,087,30,6*69
$GPGSV,3,3,12,26,15,319,,29,42,016,20,31,41,293,25,32,02,229,,6*61
$GLGSV,3,1,09,66,02,119,,77,13,152,,78,67,149,44,79,54,334,27,1*70
$GLGSV,3,2,09,80,02,332,,81,50,338,15,82,37,263,29,83,01,233,,1*72
$GLGSV,3,3,09,88,16,028,22,1*4C
$GLGSV,3,1,09,66,02,119,,77,13,152,,78,67,149,40,79,54,334,14,3*76
$GLGSV,3,2,09,80,02,332,,81,50,338,09,82,37,263,26,83,01,233,,3*72
$GLGSV,3,3,09,88,16,028,,3*4E
$GAGSV,2,1,06,01,44,330,19,13,33,031,11,21,75,093,16,26,73,310,22,7*71
$GAGSV,2,2,06,27,25,133,31,33,33,238,18,7*74
$GAGSV,2,1,06,01,44,330,,13,33,031,19,21,75,093,38,26,73,310,,2*78
$GAGSV,2,2,06,27,25,133,29,33,33,238,,2*71
$GBGSV,1,1,00,*47
$GBGSV,1,1,00,*47